3 1 1
5
5 15 10 50
30
3  1  14 0
8  2  4  0
9  3  18 2 ( 1 , 20 ) , ( 4 , 17 )
12 4  19 0
15 5  17 0
17 6  7  0
25 7  10 0
26 8  7  0
30 9  13 0
31 10 20 0
34 11 6  0
39 12 5  0
41 13 16 0
43 14 3  2 ( 1 , 15 ) , ( 9 , 23 )
44 15 17 3 ( 1, 29 ) , ( 1 , 11 ) , ( 1 , 21 )
51 16 18 4 ( 1 , 32 ) , ( 1 , 16 ) , ( 1 , 24 ) , ( 1 , 19 )
56 17 4  3 ( 6 , 22 ), ( 4 , 27 ) , ( 2 , 13 )
66 18 8  5 ( 2 , 30 ) , ( 1 , 14 ) , ( 1 , 20 ) , ( 3 , 25 ) , ( 1 , 18 )
68 19 3  2 ( 1 , 17 ) , ( 2 , 31 )
69 20 13 0
72 21 7  0
75 22 14 0
82 23 12 0
83 24 2  0
85 25 8  2 ( 6 , 15 ) , ( 9 , 23 )
87 26 9  3 ( 7 , 29 ) , ( 4 , 11 ) , ( 3 , 21 )
90 27 3  4 ( 5, 32 ) , ( 8 , 16 ), ( 9 , 24 ), ( 2 , 19 )
93 28 7  3 ( 6 , 22 ) , ( 4 , 27 ) , ( 2 , 13 )
94 29 4  5 ( 8 , 30 ) , ( 7 , 14 ) , ( 1 , 20 ) , ( 3 , 25 ) , ( 6 , 18 )
96 30 12 2 ( 9 , 17 ), ( 4 , 31 )
SIGKILL_TIMES
30
11    1
18    2
19    3
23    4
25    5
29    6
35    7
36    8
40    9
41    10
44    11
49    12
51    13
53    14
54    15
61    16
66    17
76    18
78    19
80    20
83    21
87    22
92    23
94    24
96    25
98    26
100   27
103   28
105   29
106   30

