5 4 3
3
4 50 10 90
300
1 1 10 2 ( 8 , 20 ) , ( 84 , 17 )
2 2 11 0 
3 3 25 2 ( 1 , 20 ) , ( 84 , 17 )
6 4 79 2 ( 1 , 20 ) , ( 84 , 17 )
9 5 100 2 ( 1 , 20 ) , ( 84 , 17 )
12 6 76 2 ( 1 , 20 ) , ( 84 , 17 )
700 7 2 2 ( 1 , 20 ) , ( 84 , 17 )
2 8 19 2 ( 1 , 20 ) , ( 84 , 17 )
7 9 69 2 ( 1 , 20 ) , ( 84 , 17 )
100 10 90 2 ( 1 , 20 ) , ( 84 , 17 )
87 11 18 2 ( 1 , 20 ) , ( 84 , 17 )
52 12 55 2 ( 1 , 20 ) , ( 84 , 17 )
40 13 10 0
33 14 9 0
70 15 31 0
61 16 2 0
2 17 53 0
97 18 24 0
33 19 78 0
15 20 26 0
22 21 9 0
80 22 58 0
7 23 17 0
23 24 92 0
87 25 15 0
73 26 21 0
68 27 42 0
5 28 1 0
42 29 1 0
50 30 78 0
72 31 55 0
15 32 87 0
89 33 47 0
10 34 92 0
82 35 86 0
8 36 54 0
6 37 57 0
95 38 77 0
85 39 57 0
2 40 23 0
41 41 42 0
93 42 8 0
90 43 60 0
64 44 12 0
98 45 68 0
45 46 65 0
65 47 38 0
28 48 14 0
41 49 82 0
75 50 63 0
15 51 40 0
50 52 94 0
76 53 20 0
21 54 26 0
67 55 42 0
3 56 41 0
20 57 35 0
22 58 3 0
26 59 68 0
64 60 52 0
4 61 50 2 ( 1 , 20 ) , ( 84 , 17 )
11 62 38 0
45 63 71 0
37 64 49 0
64 65 86 0
57 66 83 0
86 67 41 0
94 68 52 0
72 69 75 0
53 70 12 0
47 71 48 0
25 72 46 0
87 73 69 0
43 74 5 0
6 75 75 0
70 76 29 0
72 77 20 0
44 78 17 0
44 79 83 0
61 80 26 0
12 81 52 0
60 82 10 0
46 83 36 0
12 84 62 0
14 85 53 0
24 86 69 0
91 87 61 0
82 88 6 0
86 89 80 0
81 90 39 0
68 91 32 0
23 92 63 0
66 93 9 0
83 94 73 0
90 95 16 0
81 96 83 0
20 97 94 0
59 98 97 0
12 99 49 0
3 100 37 0
38 101 87 0
10 102 11 0
25 103 15 0
19 104 29 0
44 105 68 0
99 106 81 0
43 107 39 0
34 108 18 0
94 109 45 0
73 110 35 0
79 111 61 0
68 112 58 0
76 113 31 0
75 114 12 0
98 115 52 0
55 116 21 0
96 117 32 0
94 118 7 0
79 119 86 0
67 120 86 0
7 121 30 0
38 122 59 0
94 123 69 0
4 124 21 0
16 125 48 0
2 126 84 0
39 127 14 0
51 128 95 0
12 129 32 0
67 130 43 0
17 131 26 0
17 132 30 0
88 133 8 0
33 134 81 0
44 135 60 0
15 136 26 0
98 137 17 0
42 138 89 0
55 139 45 0
36 140 73 0
76 141 3 0
60 142 81 0
94 143 88 0
14 144 76 0
80 145 3 0
32 146 98 0
85 147 62 0
57 148 48 0
98 149 63 0
58 150 77 0
48 151 7 0
78 152 61 0
93 153 82 0
66 154 70 0
21 155 63 0
77 156 46 0
31 157 53 0
86 158 49 0
37 159 70 0
32 160 16 0
44 161 75 0
13 162 40 0
15 163 1 0
38 164 94 0
90 165 38 0
38 166 55 0
46 167 2 0
29 168 79 0
48 169 36 0
34 170 28 0
52 171 100 0
37 172 44 0
51 173 7 0
18 174 27 0
58 175 29 0
6 176 34 0
84 177 73 0
23 178 82 0
49 179 53 0
77 180 97 0
81 181 72 0
20 182 98 0
64 183 70 0
59 184 64 0
35 185 51 0
52 186 33 0
44 187 78 0
77 188 43 0
29 189 63 0
73 190 38 0
15 191 75 0
59 192 87 0
100 193 83 0
17 194 92 0
33 195 84 0
50 196 81 0
65 197 93 0
89 198 7 0
25 199 78 0
89 200 43 0
43 201 95 0
57 202 82 0
89 203 32 0
51 204 22 0
34 205 19 0
74 206 95 0
94 207 66 0
72 208 67 0
36 209 56 0
25 210 94 0
73 211 98 0
55 212 46 0
56 213 66 0
72 214 6 0
81 215 38 0
31 216 42 0
74 217 33 0
68 218 22 0
79 219 3 0
71 220 99 0
84 221 31 0
49 222 30 0
85 223 2 0
84 224 2 0
21 225 33 0
80 226 92 0
47 227 9 0
51 228 24 0
12 229 74 0
70 230 67 0
89 231 6 0
48 232 91 0
49 233 20 0
7 234 87 0
6 235 81 0
40 236 24 0
53 237 17 0
40 238 95 0
6 239 97 0
56 240 59 0
97 241 20 0
28 242 13 0
93 243 47 0
52 244 86 0
47 245 69 0
23 246 22 0
99 247 19 0
33 248 59 0
69 249 76 0
38 250 63 0
26 251 33 0
83 252 85 0
88 253 59 0
21 254 25 0
79 255 41 0
44 256 39 0
57 257 84 0
53 258 74 0
53 259 19 0
95 260 6 0
52 261 28 0
46 262 14 0
96 263 56 0
41 264 2 0
84 265 82 0
98 266 59 0
95 267 39 0
84 268 8 0
56 269 96 0
44 270 82 0
51 271 37 0
87 272 15 0
78 273 85 0
78 274 39 0
30 275 10 0
7 276 26 0
34 277 90 0
96 278 80 0
32 279 42 0
57 280 95 0
60 281 45 0
99 282 67 0
34 283 56 0
50 284 56 0
43 285 1 0
70 286 8 0
74 287 66 0
89 288 24 0
82 289 80 0
4 290 28 0
28 291 47 0
77 292 59 0
51 293 55 0
68 294 40 0
24 295 79 0
96 296 48 0
79 297 69 0
60 298 67 0
29 299 51 0
45 300 56 0
SIGKILL_TIMES
11
5 1
55 244
50 245
25 246
100 247
35 248
70 249
40 250
30 251
90 252
90 253