2 2	2
3
10 5 25 50
27
3 1 8 3 ( 1 , 7 ) , ( 1 , 16 ) , ( 2 , 21 )
5 2 10 0 
6 3 9 0 
8 4 2 3 ( 1 , 15 ) , ( 1 , 17 ) , ( 5 , 15 )
9 5 13 1 ( 1 , 14 )
11 6 9 2 ( 1 , 17 ) , ( 3 , 17 )
12 7 6 2 ( 2 , 21 ) , ( 1 , 17 ) 
13 8 11 3 ( 1 , 12 ) , ( 1 , 27 ) , ( 2 , 27 )
15 9 1 3 ( 2 , 17 ) , ( 2 , 27 ), ( 1 , 27 )
16 10 11 2 ( 2 ,14 ) , ( 3 , 19 )
18 11 10 2 ( 2 , 16 ) , ( 3 , 18 )
20 12 8 2 ( 1 , 21 ) , ( 1 , 17 )
21 13 9 1 ( 2 , 15 )
22 14 4 1 ( 3 , 17 )
23 15 10 0 
25 16 5 1 ( 3 , 21 )
26 17 16 2 ( 3 , 21 ) , ( 5 , 17 )
27 18 5 0 
29 19 3 2 ( 1 , 17 ) , ( 1 , 17 )
31 20 15 0 
32 21 11 0 
32 22 1 0 
34 23 8 1 ( 5 , 51 )
34 24 13 3 ( 3 , 40 ) , ( 4 , 31 ) , ( 1 , 11 )
35 25 14 1 ( 4 , 13 )
37 26 6 0 
39 27 5 0 
kill
20
19 8
22 9
16 10
20 11
25 12
26 13
24 14
30 15
32 16
34 17
35 18
39 19
33 20
37 21
36 22
44 23
38 24
43 25
40 26
48 27

