4 1	1
2
10 5 100 20
25
4 1 13 0 
6 2 6 2 ( 2 , 5 ) , ( 1 , 1 )
7 3 3 1 ( 1 , 12 )
9 4 6 0 
11 5 4 0 
12 6 9 3 ( 1 , 13 ) , ( 1 , 4 ) , ( 1 , 29 )
14 7 9 0 
16 8 2 1 ( 1 , 25 )
16 9 8 3 ( 2 , 15 ) , ( 3 , 10 ) , ( 10 , 40 )
17 10 15 0 
19 11 7 3 ( 2 , 15 ) , ( 3 , 31 ) , ( 6 , 14 ) 
19 12 12 2 ( 2 , 25 ) , ( 4 , 21 )
19 13 3 3 ( 2 , 13 ) , ( 2 , 21 ) , ( 3 , 17 )
19 14 1 2 ( 27 , 1 ) , ( 62 , 1 )
20 15 2 3 ( 21 , 1 ), ( 26 , 1 ) , (63 , 1 )
22 16 11 1 ( 33 , 1 )
24 17 2 0 
26 18 9 0 
26 19 7 2 ( 38 , 1 ) , ( 64 , 1 )
26 20 8 0 
26 21 8 0 
27 22 3 1 ( 1 , 28 )
27 23 13 3 ( 1 , 32 ) , ( 1 , 35 ) , ( 1 , 50 )
29 24 13 2 ( 1 , 36 ) , ( 1 , 36 )
31 25 12 1 ( 1 , 36 )
Kill
25
15 1
18 2
20 3
23 4
26 5
27 6
21 7
24 8
25 9
28 10
30 11
28 12
28 13
29 14
30 15
31 16
32 17
34 18
36 19
36 20
36 21
36 22
38 23
33 24
35 25

