3		1		2
2
5 10 10 20
20
3 1 7 0
3 2 13 1 (27,1)
5 3 16 0 
6 4 4 0
7 5 3 2 (12,1), (53,1)
9 6 3 3 (13,1), (13,1), (44,1)
9 7 5 3 (12,1), (17,1), (35,1)
9 8 2 2 (11,1), (17,1)
11 9 1 1 (24,1)
11 10 5 3 (17,1), (25,1), (71,1)
11 11 5 1 (37,1)
13 12 11 3 (23,1), (27,1), (50,1)
13 13 16 1 (29,1)
13 14 6 3 (15,1), (15,1), (26,1)
13 15 6 3 (21,1), (25,1), (29,1)
15 16 1 3 (16,1), (19,1), (36,1)
15 17 8 3 (17,1), (23,1), (61,1)
17 18 14 2 (23,1), (30,1)
18 19 10 2 (20,1), (56,1)
20 20 8 3 (31,1), (35,1), (52,1)
Kill
12
14 9
13 10
16 11
22 12
15 13
18 14
18 15
23 16
20 17
26 18
19 19
25 20



