4 2 4
5
5 10 10 20
20
1 1 2 0
4 2 10 2 ( 16 , 1 ) , ( 48 , 1 )
5 3 12 0
7 4 1 0
9 5 8 0 
9 6 5 2 ( 18 , 1 ) , ( 49 , 1 )
11 7 1 0 
13 8 16 0 
13 9 6 3 ( 22 , 1 ) ,  ( 23 , 1 ) , ( 31 , 1 )
14 10 12 2 ( 23 , 1 ) , ( 44 , 1 )
15 11 12 0 
17 12 9 2 ( 20 , 1 ) , ( 60 , 1 )
19 13 16 2 ( 30 , 1 ) , ( 55 , 1 )
19 14 3 1 ( 65 , 1 )
20 15 13 0 
20 16 15 3 ( 25 , 1 ) , ( 31 , 1 ) , ( 77 , 1 )
22 17 16 3 ( 30 , 1 ) , ( 30 , 1 ) , ( 61 , 1 )
23 18 9 1 ( 25 , 1 )
24 19 12 0
26 20 16 3 ( 36 , 1 ) , ( 46 , 1 ) , ( 76 , 1)
KIll
13
21 9
20 10
16 11
25 12
28 13
27 14
29 15
22 16
26 17
31 18
30 19
34 20
29 21


