9		3		4
5
5 10 10 20
40
5 1 16 0
7 2 4 3 (12,1), (12,1), (21,1)
8 3 12 3 (10,1), (12,1), (52,1)
8 4 8 1 (21,1)
8 5 16 1 (50,1)
9 6 10 3 (11,1), (14,1), (46,1)
10 7 8 2 (17,1), (61,1)
12 8 15 2 (20,1), (64,1)
12 9 1 0 
12 10 7 2 (21,1), (61,1)
12 11 8 3 (22,1), (24,1), (41,1)
12 12 10 1 (20,1)
14 13 5 3 (22,1), (26,1), (54,1)
14 14 15 2 (21,1), (69,1)
16 15 7 3 (25,1), (33,1), (45,1)
16 16 11 3 (17,1), (21,1), (39,1)
16 17 10 3 (26,1), (35,1), (52,1)
18 18 11 2 (25,1), (70,1)
18 19 9 1 (21,1)
19 20 16 1 (34,1)
21 21 6 1 (37,1)
21 22 10 2 (21,1), (28,1)
21 23 10 3 (23,1), (32,1), (70,1)
22 24 6 0 
22 25 1 2 (31,1), (32,1)
22 26 4 2 (25,1), (46,1)
24 27 15 2 (25,1), (30,1)
25 28 10 3 (35,1), (37,1), (59,1)
26 29 14 2 (32,1), (32,1)
26 30 6 1 (64,1)
27 31 1 2 (35,1), (67,1)
27 32 7 0 
27 33 2 3 (33,1), (36,1), (83,1)
28 34 9 3 (32,1), (41,1), (44,1)
29 35 12 3 (33,1), (33,1), (42,1)
31 36 3 1 (59,1)
33 37 13 0
33 38 5 0 
34 39 14 3 (40,1), (43,1), (70,1)
36 40 8 3 (39,1), (43,1), (61,1)
Kill
20
20 20
23 21
24 22
21 23
23 24
25 25
28 26
28 27
31 28
26 29
32 31
27 32
29 33
30 34
35 35
32 36
34 37
34 38
40 39
38 40
