14		13		14
7
5 10 10 20
70
6 1 2 2 (9,1), (32,1)
7 2 6 2 (14,1), (29,1)
9 3 4 1 (36,1)
11 4 9 1 (48,1)
13 5 1 1 (19,1)
15 6 10 1 (59,1)
17 7 7 2 (26,1), (66,1)
19 8 3 0 
19 9 9 1 (65,1)
20 10 5 2 (29,1), (57,1)
20 11 3 0 
21 12 10 0 
21 13 2 1 (27,1)
23 14 4 1 (75,1)
23 15 1 2 (29,1), (33,1)
25 16 2 1 (35,1)
26 17 10 2 (35,1), (50,1)
26 18 8 0 
28 19 2 0 
28 20 8 1 (56,1)
29 21 10 0
29 22 8 0
31 23 5 2 (38,1), (83,1)
33 24 2 2 (34,1), (65,1)
35 25 10 1 (74,1)
36 26 6 0
37 27 6 0 
37 28 9 1 (60,1)
38 29 4 1 (64,1)
39 30 5 1 (54,1)
40 31 5 1 (90,1)
42 32 10 0 
44 33 8 1 (46,1)
46 34 8 2 (55,1), (61,1)
46 35 4 0 
47 36 7 0 
49 37 1 0 
51 38 8 2 (53,1), (87,1)
52 39 8 1 (54,1)
54 40 9 0 
55 41 1 1 (64,1)
55 42 7 1 (105,1)
57 43 7 0
58 44 7 1 (70,1)
58 45 10 2 (67,1), (95,1)
58 46 5 1 (66,1)
58 47 8 1 (98,1)
59 48 9 0 
61 49 8 2 (70,1), (106,1)
63 50 7 0 
64 51 5 1 (87,1)
65 52 4 2 (67,1), (85,1)
67 53 8 0 
67 54 5 2 (70,1), (111,1)
69 55 10 1 (92,1)
71 56 10 2 (74,1), (90,1)
73 57 1 1 (89,1)
75 58 3 0 
75 59 6 1 (121,1)
75 60 2 0
77 61 6 1 (127,1)
78 62 1 0 
79 63 10 1 (107,1)
79 64 6 0 
81 65 2 0
81 66 4 2 (92,1), (138,1)
83 67 5 2 (91,1), (109,1)
85 68 1 2 (95,1), (101,1)
85 69 6 0 
86 70 4 0 
kill
50 
23 10
21 11
26 12
27 13
27 14
28 15
31 16
32 17
33 18
30 19
36 20
30 21
34 22
31 23
35 24
65 46
66 47
69 48
66 49
72 50
68 51
73 52
70 53
71 54
74 55
77 56
78 57
79 58
80 59
76 60
81 61
83 62
83 63
86 64
86 65
90 66
89 67
92 68
89 69
94 70