TT		  PID		  AT		  CT		  IO_D		  WT		RT			TRT
13		  2		  8		  4		  0		  1		0			 5
18		  1		  3		  14		  0		  1		0			 15
18		  32		  9		  4		  0		  5		0			 9
19		  31		  8		  10		  0		  1		0			 11
21		  33		  11		  2		  0		  8		0			 10
0		  4		  12		  19		  0		  0		0			 0
24		  35		  14		  4		  0		  6		0			 10
0		  5		  15		  17		  0		  0		4			 0
28		  34		  12		  6		  0		  10		0			 16
28		  36		  15		  3		  0		  10		0			 13
28		  3		  9		  18		  0		  1		0			 19
31		  37		  16		  2		  0		  13		0			 15
32		  38		  18		  0		  0		  14		0			 14
35		  7		  25		  10		  0		  8		0			 10
36		  6		  17		  7		  0		  12		0			 19
37		  8		  26		  7		  0		  4		3			 11
38		  40		  32		  4		  0		  2		1			 6
39		  42		  36		  0		  0		  3		0			 3
41		  39		  31		  5		  0		  5		4			 10
45		  11		  34		  6		  0		  5		4			 11
51		  41		  34		  9		  0		  8		0			 17
52		  12		  39		  5		  0		  8		7			 13
0		  14		  43		  3		  0		  0		0			 0
59		  10		  31		  20		  0		  8		6			 28
60		  45		  47		  12		  0		  1		0			 13
62		  9		  30		  13		  0		  19		0			 32
65		  44		  46		  13		  0		  6		0			 19
68		  48		  52		  7		  0		  9		0			 16
68		  17		  56		  4		  0		  8		7			 12
71		  51		  57		  2		  0		  12		0			 14
72		  52		  59		  0		  0		  13		0			 13
74		  43		  45		  14		  0		  15		0			 29
74		  47		  51		  8		  0		  15		0			 23
76		  19		  68		  3		  48		  5		0			 8
76		  13		  41		  16		  0		  19		2			 35
78		  50		  56		  3		  0		  19		0			 22
81		  53		  74		  2		  0		  5		0			 7
82		  54		  76		  0		  0		  6		0			 6
0		  21		  72		  7		  0		  0		0			 0
85		  46		  49		  10		  0		  26		0			 36
86		  24		  83		  2		  0		  1		0			 3
86		  18		  66		  8		  0		  12		11			 20
87		  22		  75		  14		  0		  3		0			 12
90		  49		  55		  4		  0		  31		0			 35
92		  23		  82		  12		  0		  6		5			 10
96		  55		  83		  9		  0		  4		0			 13
96		  25		  85		  8		  0		  3		2			 11
98		  26		  87		  9		  61		  6		5			 11
99		  56		  84		  8		  0		  7		0			 15
99		  57		  84		  2		  0		  13		0			 15
100		  27		  90		  3		  91		  10		0			 10
0		  29		  94		  4		  0		  0		0			 0
105		  28		  93		  7		  0		  5		4			 12
107		  60		  92		  8		  0		  7		6			 15
110		  59		  91		  9		  0		  10		9			 19
111		  58		  89		  11		  0		  11		0			 22
118		  62		  96		  6		  0		  16		0			 22
118		  61		  95		  7		  0		  16		0			 23
119		  30		  96		  12		  0		  11		10			 23
134		  20		  69		  13		  0		  52		51			 65
153		  15		  44		  17		  0		  92		91			 109
174		  16		  51		  18		  0		  105		104			 123
176		  66		  160		  14		  0		  2		1			 16
176		  67		  161		  13		  0		  2		1			 15
178		  63		  156		  18		  0		  4		2			 22
184		  71		  167		  7		  0		  10		0			 17
187		  69		  164		  10		  0		  13		0			 23
190		  65		  159		  15		  0		  16		0			 31
192		  64		  157		  17		  0		  18		7			 35
197		  70		  165		  9		  0		  23		0			 32
203		  68		  162		  12		  0		  29		0			 41
208		  72		  170		  4		  0		  34		0			 38
211		  73		  172		  2		  0		  37		0			 39
213		  74		  173		  1		  0		  39		0			 40

Processes: 74
AvgWT = 12  AvgRT = 4  AvgTRT = 20
migration: 6.75676%
work steal: 0%
Forked processes : 59.4595% 
Killed processes : 6.75676% 

Processors: 5[ 3 FCFS, 1 SJF, 1 RR]
Processors Load
p1: 10.5516%  p2: 9.35252%  p3: 11.9105%  p4: 12.7098%  p5: 3.59712%  
Processors utilize
p1: 64%  p2: 57%  p3: 71%  p4: 80%  p5: 22%  
Avg utilization = 58.8%
